3 1 2 4 5 6 7 8 9
4 5 6 7 8 9 3 1 2
7 8 9 3 1 2 4 5 6
1 2 4 5 6 7 8 9 3
5 6 7 8 9 3 1 2 4
8 9 3 1 2 4 5 6 7
2 4 5 6 7 8 9 3 1
6 7 8 9 3 1 2 4 5
9 3 1 2 4 5 6 7 8

3 1 2 4 5 6 7 8 9
4 5 6 7 8 9 3 1 2
7 8 9 3 1 2 4 5 6
1 2 4 5 6 7 8 9 3
5 6 7 8 9 3 1 2 4
8 9 3 1 2 4 5 6 7
2 4 5 6 7 8 9 3 1
9 3 1 2 4 5 6 7 8
6 7 8 9 3 1 2 4 5

3 1 2 4 5 6 7 8 9
4 5 6 7 8 9 3 1 2
7 8 9 3 1 2 4 5 6
1 2 4 5 6 7 8 9 3
5 6 7 8 9 3 1 2 4
8 9 3 1 2 4 5 6 7
6 7 8 9 3 1 2 4 5
2 4 5 6 7 8 9 3 1
9 3 1 2 4 5 6 7 8

3 1 2 4 5 6 7 8 9
4 5 6 7 8 9 3 1 2
7 8 9 3 1 2 4 5 6
1 2 4 5 6 7 8 9 3
5 6 7 8 9 3 1 2 4
8 9 3 1 2 4 5 6 7
6 7 8 9 3 1 2 4 5
9 3 1 2 4 5 6 7 8
2 4 5 6 7 8 9 3 1

3 1 2 4 5 6 7 8 9
4 5 6 7 8 9 3 1 2
7 8 9 3 1 2 4 5 6
1 2 4 5 6 7 8 9 3
5 6 7 8 9 3 1 2 4
8 9 3 1 2 4 5 6 7
2 4 5 6 7 8 9 3 1
6 7 8 9 3 1 2 4 5
9 3 1 2 4 5 6 7 8

3 1 2 4 5 6 7 8 9
4 5 6 7 8 9 3 1 2
7 8 9 3 1 2 4 5 6
1 2 4 5 6 7 8 9 3
5 6 7 8 9 3 1 2 4
8 9 3 1 2 4 5 6 7
2 4 5 6 7 8 9 3 1
9 3 1 2 4 5 6 7 8
6 7 8 9 3 1 2 4 5

3 1 2 4 5 6 7 8 9
4 5 6 7 8 9 3 1 2
7 8 9 3 1 2 4 5 6
1 2 4 5 6 7 8 9 3
5 6 7 8 9 3 1 2 4
8 9 3 1 2 4 5 6 7
6 7 8 9 3 1 2 4 5
2 4 5 6 7 8 9 3 1
9 3 1 2 4 5 6 7 8

3 1 2 4 5 6 7 8 9
4 5 6 7 8 9 3 1 2
7 8 9 3 1 2 4 5 6
1 2 4 5 6 7 8 9 3
5 6 7 8 9 3 1 2 4
8 9 3 1 2 4 5 6 7
6 7 8 9 3 1 2 4 5
9 3 1 2 4 5 6 7 8
2 4 5 6 7 8 9 3 1

3 1 2 4 5 6 7 8 9
4 5 6 7 8 9 3 1 2
7 8 9 3 1 2 4 5 6
1 2 4 5 6 7 8 9 3
5 6 7 8 9 3 1 2 4
8 9 3 1 2 4 5 6 7
2 4 5 6 7 8 9 3 1
6 7 8 9 3 1 2 4 5
9 3 1 2 4 5 6 7 8

3 1 2 4 5 6 7 8 9
4 5 6 7 8 9 3 1 2
7 8 9 3 1 2 4 5 6
1 2 4 5 6 7 8 9 3
5 6 7 8 9 3 1 2 4
8 9 3 1 2 4 5 6 7
2 4 5 6 7 8 9 3 1
9 3 1 2 4 5 6 7 8
6 7 8 9 3 1 2 4 5

3 1 2 4 5 6 7 8 9
4 5 6 7 8 9 3 1 2
7 8 9 3 1 2 4 5 6
1 2 4 5 6 7 8 9 3
5 6 7 8 9 3 1 2 4
8 9 3 1 2 4 5 6 7
6 7 8 9 3 1 2 4 5
2 4 5 6 7 8 9 3 1
9 3 1 2 4 5 6 7 8

3 1 2 4 5 6 7 8 9
4 5 6 7 8 9 3 1 2
7 8 9 3 1 2 4 5 6
1 2 4 5 6 7 8 9 3
5 6 7 8 9 3 1 2 4
8 9 3 1 2 4 5 6 7
6 7 8 9 3 1 2 4 5
9 3 1 2 4 5 6 7 8
2 4 5 6 7 8 9 3 1

3 1 2 4 5 6 7 8 9
4 5 6 7 8 9 3 1 2
7 8 9 3 1 2 4 5 6
1 2 4 5 6 7 8 9 3
5 6 7 8 9 3 1 2 4
8 9 3 1 2 4 5 6 7
2 4 5 6 7 8 9 3 1
6 7 8 9 3 1 2 4 5
9 3 1 2 4 5 6 7 8

3 1 2 4 5 6 7 8 9
4 5 6 7 8 9 3 1 2
7 8 9 3 1 2 4 5 6
1 2 4 5 6 7 8 9 3
5 6 7 8 9 3 1 2 4
8 9 3 1 2 4 5 6 7
2 4 5 6 7 8 9 3 1
9 3 1 2 4 5 6 7 8
6 7 8 9 3 1 2 4 5

3 1 2 4 5 6 7 8 9
4 5 6 7 8 9 3 1 2
7 8 9 3 1 2 4 5 6
1 2 4 5 6 7 8 9 3
5 6 7 8 9 3 1 2 4
8 9 3 1 2 4 5 6 7
6 7 8 9 3 1 2 4 5
2 4 5 6 7 8 9 3 1
9 3 1 2 4 5 6 7 8

3 1 2 4 5 6 7 8 9
4 5 6 7 8 9 3 1 2
7 8 9 3 1 2 4 5 6
1 2 4 5 6 7 8 9 3
5 6 7 8 9 3 1 2 4
8 9 3 1 2 4 5 6 7
6 7 8 9 3 1 2 4 5
9 3 1 2 4 5 6 7 8
2 4 5 6 7 8 9 3 1

3 1 2 4 5 6 7 8 9
4 5 6 7 8 9 3 1 2
7 8 9 3 1 2 4 5 6
1 2 4 5 6 7 8 9 3
5 6 7 8 9 3 1 2 4
8 9 3 1 2 4 5 6 7
2 4 5 6 7 8 9 3 1
6 7 8 9 3 1 2 4 5
9 3 1 2 4 5 6 7 8

3 1 2 4 5 6 7 8 9
4 5 6 7 8 9 3 1 2
7 8 9 3 1 2 4 5 6
1 2 4 5 6 7 8 9 3
5 6 7 8 9 3 1 2 4
8 9 3 1 2 4 5 6 7
2 4 5 6 7 8 9 3 1
9 3 1 2 4 5 6 7 8
6 7 8 9 3 1 2 4 5

3 1 2 4 5 6 7 8 9
4 5 6 7 8 9 3 1 2
7 8 9 3 1 2 4 5 6
1 2 4 5 6 7 8 9 3
5 6 7 8 9 3 1 2 4
8 9 3 1 2 4 5 6 7
6 7 8 9 3 1 2 4 5
2 4 5 6 7 8 9 3 1
9 3 1 2 4 5 6 7 8

3 1 2 4 5 6 7 8 9
4 5 6 7 8 9 3 1 2
7 8 9 3 1 2 4 5 6
1 2 4 5 6 7 8 9 3
5 6 7 8 9 3 1 2 4
8 9 3 1 2 4 5 6 7
6 7 8 9 3 1 2 4 5
9 3 1 2 4 5 6 7 8
2 4 5 6 7 8 9 3 1

3 1 2 4 5 6 7 8 9
4 5 6 7 8 9 3 1 2
7 8 9 3 1 2 4 5 6
1 2 4 5 6 7 8 9 3
5 6 7 8 9 3 1 2 4
8 9 3 1 2 4 5 6 7
2 4 5 6 7 8 9 3 1
6 7 8 9 3 1 2 4 5
9 3 1 2 4 5 6 7 8

3 1 2 4 5 6 7 8 9
4 5 6 7 8 9 3 1 2
7 8 9 3 1 2 4 5 6
1 2 4 5 6 7 8 9 3
5 6 7 8 9 3 1 2 4
8 9 3 1 2 4 5 6 7
2 4 5 6 7 8 9 3 1
9 3 1 2 4 5 6 7 8
6 7 8 9 3 1 2 4 5

3 1 2 4 5 6 7 8 9
4 5 6 7 8 9 3 1 2
7 8 9 3 1 2 4 5 6
1 2 4 5 6 7 8 9 3
5 6 7 8 9 3 1 2 4
8 9 3 1 2 4 5 6 7
6 7 8 9 3 1 2 4 5
2 4 5 6 7 8 9 3 1
9 3 1 2 4 5 6 7 8

3 1 2 4 5 6 7 8 9
4 5 6 7 8 9 3 1 2
7 8 9 3 1 2 4 5 6
1 2 4 5 6 7 8 9 3
5 6 7 8 9 3 1 2 4
8 9 3 1 2 4 5 6 7
6 7 8 9 3 1 2 4 5
9 3 1 2 4 5 6 7 8
2 4 5 6 7 8 9 3 1

3 1 2 4 5 6 7 8 9
4 5 6 7 8 9 3 1 2
7 8 9 3 1 2 4 5 6
1 2 4 5 6 7 8 9 3
5 6 7 8 9 3 1 2 4
8 9 3 1 2 4 5 6 7
2 4 5 6 7 8 9 3 1
6 7 8 9 3 1 2 4 5
9 3 1 2 4 5 6 7 8

3 1 2 4 5 6 7 8 9
4 5 6 7 8 9 3 1 2
7 8 9 3 1 2 4 5 6
1 2 4 5 6 7 8 9 3
5 6 7 8 9 3 1 2 4
8 9 3 1 2 4 5 6 7
2 4 5 6 7 8 9 3 1
9 3 1 2 4 5 6 7 8
6 7 8 9 3 1 2 4 5

3 1 2 4 5 6 7 8 9
4 5 6 7 8 9 3 1 2
7 8 9 3 1 2 4 5 6
1 2 4 5 6 7 8 9 3
5 6 7 8 9 3 1 2 4
8 9 3 1 2 4 5 6 7
6 7 8 9 3 1 2 4 5
2 4 5 6 7 8 9 3 1
9 3 1 2 4 5 6 7 8

3 1 2 4 5 6 7 8 9
4 5 6 7 8 9 3 1 2
7 8 9 3 1 2 4 5 6
1 2 4 5 6 7 8 9 3
5 6 7 8 9 3 1 2 4
8 9 3 1 2 4 5 6 7
6 7 8 9 3 1 2 4 5
9 3 1 2 4 5 6 7 8
2 4 5 6 7 8 9 3 1

3 1 2 4 5 6 7 8 9
4 5 6 7 8 9 3 1 2
7 8 9 3 1 2 4 5 6
1 2 4 5 6 7 8 9 3
5 6 7 8 9 3 1 2 4
8 9 3 1 2 4 5 6 7
2 4 5 6 7 8 9 3 1
6 7 8 9 3 1 2 4 5
9 3 1 2 4 5 6 7 8

3 1 2 4 5 6 7 8 9
4 5 6 7 8 9 3 1 2
7 8 9 3 1 2 4 5 6
1 2 4 5 6 7 8 9 3
5 6 7 8 9 3 1 2 4
8 9 3 1 2 4 5 6 7
2 4 5 6 7 8 9 3 1
9 3 1 2 4 5 6 7 8
6 7 8 9 3 1 2 4 5

3 1 2 4 5 6 7 8 9
4 5 6 7 8 9 3 1 2
7 8 9 3 1 2 4 5 6
1 2 4 5 6 7 8 9 3
5 6 7 8 9 3 1 2 4
8 9 3 1 2 4 5 6 7
6 7 8 9 3 1 2 4 5
2 4 5 6 7 8 9 3 1
9 3 1 2 4 5 6 7 8

3 1 2 4 5 6 7 8 9
4 5 6 7 8 9 3 1 2
7 8 9 3 1 2 4 5 6
1 2 4 5 6 7 8 9 3
5 6 7 8 9 3 1 2 4
8 9 3 1 2 4 5 6 7
6 7 8 9 3 1 2 4 5
9 3 1 2 4 5 6 7 8
2 4 5 6 7 8 9 3 1

3 1 2 4 5 6 7 8 9
4 5 6 7 8 9 3 1 2
7 8 9 3 1 2 4 5 6
1 2 4 5 6 7 8 9 3
5 6 7 8 9 3 1 2 4
8 9 3 1 2 4 5 6 7
2 4 5 6 7 8 9 3 1
6 7 8 9 3 1 2 4 5
9 3 1 2 4 5 6 7 8

3 1 2 4 5 6 7 8 9
4 5 6 7 8 9 3 1 2
7 8 9 3 1 2 4 5 6
1 2 4 5 6 7 8 9 3
5 6 7 8 9 3 1 2 4
8 9 3 1 2 4 5 6 7
2 4 5 6 7 8 9 3 1
9 3 1 2 4 5 6 7 8
6 7 8 9 3 1 2 4 5

3 1 2 4 5 6 7 8 9
4 5 6 7 8 9 3 1 2
7 8 9 3 1 2 4 5 6
1 2 4 5 6 7 8 9 3
5 6 7 8 9 3 1 2 4
8 9 3 1 2 4 5 6 7
6 7 8 9 3 1 2 4 5
2 4 5 6 7 8 9 3 1
9 3 1 2 4 5 6 7 8

3 1 2 4 5 6 7 8 9
4 5 6 7 8 9 3 1 2
7 8 9 3 1 2 4 5 6
1 2 4 5 6 7 8 9 3
5 6 7 8 9 3 1 2 4
8 9 3 1 2 4 5 6 7
6 7 8 9 3 1 2 4 5
9 3 1 2 4 5 6 7 8
2 4 5 6 7 8 9 3 1

3 1 2 4 5 6 7 8 9
4 5 6 7 8 9 3 1 2
7 8 9 3 1 2 4 5 6
1 2 4 5 6 7 8 9 3
5 6 7 8 9 3 1 2 4
8 9 3 1 2 4 5 6 7
2 4 5 6 7 8 9 3 1
6 7 8 9 3 1 2 4 5
9 3 1 2 4 5 6 7 8

3 1 2 4 5 6 7 8 9
4 5 6 7 8 9 3 1 2
7 8 9 3 1 2 4 5 6
1 2 4 5 6 7 8 9 3
5 6 7 8 9 3 1 2 4
8 9 3 1 2 4 5 6 7
2 4 5 6 7 8 9 3 1
9 3 1 2 4 5 6 7 8
6 7 8 9 3 1 2 4 5

3 1 2 4 5 6 7 8 9
4 5 6 7 8 9 3 1 2
7 8 9 3 1 2 4 5 6
1 2 4 5 6 7 8 9 3
5 6 7 8 9 3 1 2 4
8 9 3 1 2 4 5 6 7
6 7 8 9 3 1 2 4 5
2 4 5 6 7 8 9 3 1
9 3 1 2 4 5 6 7 8

3 1 2 4 5 6 7 8 9
4 5 6 7 8 9 3 1 2
7 8 9 3 1 2 4 5 6
1 2 4 5 6 7 8 9 3
5 6 7 8 9 3 1 2 4
8 9 3 1 2 4 5 6 7
6 7 8 9 3 1 2 4 5
9 3 1 2 4 5 6 7 8
2 4 5 6 7 8 9 3 1
